PSS values
0 -> 820
1 --> 576
-1 --> 1152
-2 --> 1640
-5 --> 4608
-8 --> 13120
-9 --> -18430
-10 --> 26368
-11 --> 0.5

pss = (1, -1) * 209977.83 ~= 
([(205, 0), (-206, 0), (-206, 0), (205, 0), (-206, 0), (-206, 0), (205, 0), (-206, 0), (205, 0), (-206, 0), (-206, 0), (-206, 0)],
 [(209920, 0), (-210944, 0), (-210944, 0), (209920, 0), (-210944, 0), (-210944, 0), (209920, 0), (-210944, 0), (209920, 0), (-210944, 0), (-210944, 0), (-210944, 0)])

TSA:
(−5 898 240, 0)
( 5 898 240, 0)
(−5 898 240, 0)
( 5 898 240, 0)
(−5 898 240, 0)
(−5 898 240, 0)
(−5 898 240, 0)
( 5 898 240, 0)
(−5 898 240, 0)
( 5 898 240, 0)
( 5 898 240, 0)
( 5 898 240, 0)

sqrt_fs0 = 8,388,608

beta_dl = 209,978.79

denominator = 12 * phy_stat.nPrbDlBwp
denominator = 12 * 133

ref_dl: 32 --> beta_dl: 8 359 368.5
